7a a0 01 00 01 7a 11 23 00 45 00 00 54 65 73 74 57 61 76 65 
66 6f 72 6d 31 00 00 00 00 00 00 00 00 00 00 00 00 00 00 00 
00 00 00 00 7a 21 21 00 45 43 68 61 6e 6e 65 6c 73 31 00 00 
00 00 00 00 00 00 00 00 00 00 00 00 00 00 00 00 00 00 00 00 
00 7a 21 21 00 45 43 68 61 6e 6e 65 6c 73 32 00 00 00 00 00 
00 00 00 00 00 00 00 00 00 00 00 00 00 00 00 00 00 00 7a 21 
21 00 45 43 68 61 6e 6e 65 6c 73 33 00 00 00 00 00 00 00 00 
00 00 00 00 00 00 00 00 00 00 00 00 00 00 00 7a 21 21 00 45 
43 68 61 6e 6e 65 6c 73 34 00 00 00 00 00 00 00 00 00 00 00 
00 00 00 00 00 00 00 00 00 00 00 00 7a 21 21 00 45 43 68 61 
6e 6e 65 6c 73 35 00 00 00 00 00 00 00 00 00 00 00 00 00 00 
00 00 00 00 00 00 00 00 00 7a 21 21 00 45 43 68 61 6e 6e 65 
6c 73 36 00 00 00 00 00 00 00 00 00 00 00 00 00 00 00 00 00 
00 00 00 00 00 00 7a 21 21 00 45 43 68 61 6e 6e 65 6c 73 37 
00 00 00 00 00 00 00 00 00 00 00 00 00 00 00 00 00 00 00 00 
00 00 00 7a 21 21 00 45 43 68 61 6e 6e 65 6c 73 38 00 00 00 
00 00 00 00 00 00 00 00 00 00 00 00 00 00 00 00 00 00 00 00 
7a 11 23 00 46 01 01 54 65 73 74 57 61 76 65 66 6f 72 6d 32 
00 00 00 00 00 00 00 00 00 00 00 00 00 00 00 00 00 00 00 7a 
21 21 00 46 43 68 61 6e 6e 65 6c 73 31 00 00 00 00 00 00 00 
00 00 00 00 00 00 00 00 00 00 00 00 00 00 00 00 7a 21 21 00 
46 43 68 61 6e 6e 65 6c 73 32 00 00 00 00 00 00 00 00 00 00 
00 00 00 00 00 00 00 00 00 00 00 00 00 7a 21 21 00 46 43 68 
61 6e 6e 65 6c 73 33 00 00 00 00 00 00 00 00 00 00 00 00 00 
00 00 00 00 00 00 00 00 00 00 7a 21 21 00 46 43 68 61 6e 6e 
65 6c 73 34 00 00 00 00 00 00 00 00 00 00 00 00 00 00 00 00 
00 00 00 00 00 00 00 7a 21 21 00 46 43 68 61 6e 6e 65 6c 73 
35 00 00 00 00 00 00 00 00 00 00 00 00 00 00 00 00 00 00 00 
00 00 00 00 7a 21 21 00 46 43 68 61 6e 6e 65 6c 73 36 00 00 
00 00 00 00 00 00 00 00 00 00 00 00 00 00 00 00 00 00 00 00 
00 7a 21 21 00 46 43 68 61 6e 6e 65 6c 73 37 00 00 00 00 00 
00 00 00 00 00 00 00 00 00 00 00 00 00 00 00 00 00 00 7a 21 
21 00 46 43 68 61 6e 6e 65 6c 73 38 00 00 00 00 00 00 00 00 
00 00 00 00 00 00 00 00 00 00 00 00 00 00 00 7a 11 23 00 47 
01 02 54 65 73 74 57 61 76 65 66 6f 72 6d 33 00 00 00 00 00 
00 00 00 00 00 00 00 00 00 00 00 00 00 00 7a 21 21 00 47 43 
68 61 6e 6e 65 6c 73 31 00 00 00 00 00 00 00 00 00 00 00 00 
00 00 00 00 00 00 00 00 00 00 00 7a 21 21 00 47 43 68 61 6e 
6e 65 6c 73 32 00 00 00 00 00 00 00 00 00 00 00 00 00 00 00 
00 00 00 00 00 00 00 00 7a 21 21 00 47 43 68 61 6e 6e 65 6c 
73 33 00 00 00 00 00 00 00 00 00 00 00 00 00 00 00 00 00 00 
00 00 00 00 00 7a 21 21 00 47 43 68 61 6e 6e 65 6c 73 34 00 
00 00 00 00 00 00 00 00 00 00 00 00 00 00 00 00 00 00 00 00 
00 00 7a 21 21 00 47 43 68 61 6e 6e 65 6c 73 35 00 00 00 00 
00 00 00 00 00 00 00 00 00 00 00 00 00 00 00 00 00 00 00 7a 
21 21 00 47 43 68 61 6e 6e 65 6c 73 36 00 00 00 00 00 00 00 
00 00 00 00 00 00 00 00 00 00 00 00 00 00 00 00 7a 21 21 00 
47 43 68 61 6e 6e 65 6c 73 37 00 00 00 00 00 00 00 00 00 00 
00 00 00 00 00 00 00 00 00 00 00 00 00 7a 21 21 00 47 43 68 
61 6e 6e 65 6c 73 38 00 00 00 00 00 00 00 00 00 00 00 00 00 
00 00 00 00 00 00 00 00 00 00 7a 12 24 00 35 01 78 bc 54 65 
73 74 49 6d 61 67 65 31 00 00 00 00 00 00 00 00 00 00 00 00 
00 00 00 00 00 00 00 00 00 00 7a 12 24 00 36 00 78 bc 54 65 
73 74 49 6d 61 67 65 32 00 00 00 00 00 00 00 00 00 00 00 00 
00 00 00 00 00 00 00 00 00 00 7a 10 21 00 21 54 65 73 74 50 
61 72 61 6d 00 00 00 00 00 00 00 00 00 00 00 00 00 00 00 00 
00 00 00 00 00 00 00 7a 20 22 00 21 00 54 65 73 74 50 61 72 
61 6d 31 00 00 00 00 00 00 00 00 00 00 00 00 00 00 00 00 00 
00 00 00 00 00 7a 20 22 00 21 02 54 65 73 74 50 61 72 61 6d 
32 00 00 00 00 00 00 00 00 00 00 00 00 00 00 00 00 00 00 00 
00 00 00 7a 20 22 00 21 02 54 65 73 74 50 61 72 61 6d 33 00 
00 00 00 00 00 00 00 00 00 00 00 00 00 00 00 00 00 00 00 00 
00 7a 20 22 00 21 02 54 65 73 74 50 61 72 61 6d 34 00 00 00 
00 00 00 00 00 00 00 00 00 00 00 00 00 00 00 00 00 00 00 7a 
20 22 00 21 02 54 65 73 74 50 61 72 61 6d 35 00 00 00 00 00 
00 00 00 00 00 00 00 00 00 00 00 00 00 00 00 00 00 7a 20 22 
00 21 02 54 65 73 74 50 61 72 61 6d 37 00 00 00 00 00 00 00 
00 00 00 00 00 00 00 00 00 00 00 00 00 00 00 7a 20 22 00 21 
02 54 65 73 74 50 61 72 61 6d 38 00 00 00 00 00 00 00 00 00 
00 00 00 00 00 00 00 00 00 00 00 00 00 7a 20 22 00 21 02 54 
65 73 74 50 61 72 61 6d 39 00 00 00 00 00 00 00 00 00 00 00 
00 00 00 00 00 00 00 00 00 00 00 7a 20 22 00 21 02 54 65 73 
74 50 61 72 61 6d 31 30 00 00 00 00 00 00 00 00 00 00 00 00 
00 00 00 00 00 00 00 00 00 7a 20 22 00 21 02 54 65 73 74 50 
61 72 61 6d 31 31 00 00 00 00 00 00 00 00 00 00 00 00 00 00 
00 00 00 00 00 00 00 7a 20 22 00 21 02 54 65 73 74 50 61 72 
61 6d 31 32 00 00 00 00 00 00 00 00 00 00 00 00 00 00 00 00 
00 00 00 00 00 7a 20 22 00 21 02 54 65 73 74 50 61 72 61 6d 
31 33 00 00 00 00 00 00 00 00 00 00 00 00 00 00 00 00 00 00 
00 00 00 7a 20 22 00 21 02 54 65 73 74 50 61 72 61 6d 31 34 
00 00 00 00 00 00 00 00 00 00 00 00 00 00 00 00 00 00 00 00 
00 7a 20 22 00 21 02 54 65 73 74 50 61 72 61 6d 31 35 00 00 
00 00 00 00 00 00 00 00 00 00 00 00 00 00 00 00 00 00 00 7a 
20 22 00 21 02 54 65 73 74 50 61 72 61 6d 31 36 00 00 00 00 
00 00 00 00 00 00 00 00 00 00 00 00 00 00 00 00 00 7a 20 22 
00 21 02 54 65 73 74 50 61 72 61 6d 31 37 00 00 00 00 00 00 
00 00 00 00 00 00 00 00 00 00 00 00 00 00 00 7a 20 22 00 21 
02 54 65 73 74 50 61 72 61 6d 31 38 00 00 00 00 00 00 00 00 
00 00 00 00 00 00 00 00 00 00 00 00 00 7a 20 22 00 21 02 54 
65 73 74 50 61 72 61 6d 31 39 00 00 00 00 00 00 00 00 00 00 
00 00 00 00 00 00 00 00 00 00 00 7a 20 22 00 21 02 54 65 73 
74 50 61 72 61 6d 32 30 00 00 00 00 00 00 00 00 00 00 00 00 
00 00 00 00 00 00 00 00 00 7a a1 01 00 01                   
